77.13
74.6
83.68
61.5
32.18
0
-8.5
106.05
93
85.5
70.93
72.39
84.17
91.43
48
54.77
65
81.5
84.71
78.44
72.8
110.36
31.03
37.72
40.375
44.975
69.35
66.925
63.37
55.23
70.52
69.8
85.725
80.8
106.6
98
105.9
101.87
50.87
83.5
106.95
102.9
112.47
86.4
110.9
100.2
100.2
100.4
41.1
100.23
86.87
67.2
92.3
79.2
80.6
31.2
81.1
57.6
57.6
87.7
89.2
3
33.4
82.925
73.175
46.05
87.3
80.9
80.9
71.7
66.9
67.2
68.3
17.8
63.2
63.8
38.85
71
100
100.2
98.1
100
89.56
99.57
97.3
76.4
92.7
93
94.2
96
95.025
97.8
97.2
99.7
98
98.8
101.13
108.37
97.4
54.5
73.4
90.2
89.8
89.13
82.2
86.27
75.5
91.6
92.4
91.5
98.6
96.8
94.4
97.9
96
96.4
95.6
93.7
98.87
99.2
101.9
98.9
103.07
97.5
100
96
100.5
100.5
97
104.6
28.7
56.3
72.5
73.3
70.2
96.3
93.07
100.7
103.87
103.3
102.43
61
99.1
71.1
93.3
93.6
90.3
90.8
83.9
89.2
85
85.9
50.5
89.4
90.725
96.6
114.3
124.3
125.47
113.83
102.1
100.2
101.8
104.25
106.67
117.25
102.2
101.6
100.7
107.5
100.3
105.9
100.6
101.4
103
100.6
100.4
100.6
102.7
100.6
100.5
105
100.5
100.4
102.1
96.4
102.3
100.3
49
0
7
106
109
113
109
109
92
113
114
106
107.05
119
109
97
95.8
105
100
67.15
84
77
109
70
65
76
71
77
77
107
72
63
67.85
25
26
16
14
149
97.25
109
92
95.1
90
99
101
90
97
94
98
90
120
118
115.4
110.5
110.3
109
108.5
107.2
107
106.6
106.5
105.7
105.3
105
104
104
103.3
103
103
102.9
102.7
102.1
102
101.3
101
100.8
100.6
100
99.5
99.4
98
57.6
67.3
57.6
29.9
96.2
81.3
81.7
80.9
84.8
89.2
72.9
89.2
79.9
63.8
67.7
99.8
97
73.4
92.7
79.8
94.6
97.9
92.575
106.3
56.3
91.2
106
85.5
96.6
101.9
99.5
95.6
58.75
90
94
97.5
97.2
96.2
72.5
86.4
96.2
103
98.9
83.95
79.8
105.3
63.8
71.3
91.3
94
97.3
28
33.7
102.1
67.3
101.8
51
8.8
89.4
