27.605
25.075
34.155
11.975
-17.345
-49.525
-58.025
56.525
43.475
35.975
21.405
22.865
34.645
41.905
-1.525
5.245
15.475
31.975
35.185
28.915
23.275
60.835
-18.495
-11.805
-9.15
-4.55
19.825
17.4
13.845
5.705
20.995
20.275
36.2
31.275
57.075
48.475
56.375
52.345
1.345
33.975
57.425
53.375
62.945
36.875
61.375
50.675
50.675
50.875
-8.425
50.705
37.345
17.675
42.775
29.675
31.075
-18.325
31.575
8.075
8.075
38.175
39.675
-46.525
-16.125
33.4
23.65
-3.475
37.775
31.375
31.375
22.175
17.375
17.675
18.775
-31.725
13.675
14.275
-10.675
21.475
50.475
50.675
48.575
50.475
40.035
50.045
47.775
26.875
43.175
43.475
44.675
46.475
45.5
48.275
47.675
50.175
48.475
49.275
51.605
58.845
47.875
4.975
23.875
40.675
40.275
39.605
32.675
36.745
25.975
42.075
42.875
41.975
49.075
47.275
44.875
48.375
46.475
46.875
46.075
44.175
49.345
49.675
52.375
49.375
53.545
47.975
50.475
46.475
50.975
50.975
47.475
55.075
-20.825
6.775
22.975
23.775
20.675
46.775
43.545
51.175
54.345
53.775
52.905
11.475
49.575
21.575
43.775
44.075
40.775
41.275
34.375
39.675
35.475
36.375
0.975
39.875
41.2
47.075
64.775
74.775
75.945
64.305
52.575
50.675
52.275
54.725
57.145
67.725
52.675
52.075
51.175
57.975
50.775
56.375
51.075
51.875
53.475
51.075
50.875
51.075
53.175
51.075
50.975
55.475
50.975
50.875
52.575
46.875
52.775
50.775
-0.525
-49.525
-42.525
56.475
59.475
63.475
59.475
59.475
42.475
63.475
64.475
56.475
57.525
69.475
59.475
47.475
46.275
55.475
50.475
17.625
34.475
27.475
59.475
20.475
15.475
26.475
21.475
27.475
27.475
57.475
22.475
13.475
18.325
-24.525
-23.525
-33.525
-35.525
99.475
47.725
59.475
42.475
45.575
40.475
49.475
51.475
40.475
47.475
44.475
48.475
40.475
70.475
68.475
65.875
60.975
60.775
59.475
58.975
57.675
57.475
57.075
56.975
56.175
55.775
55.475
54.475
54.475
53.775
53.475
53.475
53.375
53.175
52.575
52.475
51.775
51.475
51.275
51.075
50.475
49.975
49.875
48.475
8.075
17.775
8.075
-19.625
46.675
31.775
32.175
31.375
35.275
39.675
23.375
39.675
30.375
14.275
18.175
50.275
47.475
23.875
43.175
30.275
45.075
48.375
43.05
56.775
6.775
41.675
56.475
35.975
47.075
52.375
49.975
46.075
9.225
40.475
44.475
47.975
47.675
46.675
22.975
36.875
46.675
53.475
49.375
34.425
30.275
55.775
14.275
21.775
41.775
44.475
47.775
-21.525
-15.825
52.575
17.775
52.275
1.475
-40.725
39.875
